wav,cscat,cabs
400,1.68597e-16,2.11748e-15
401,1.68225e-16,2.12036e-15
402,1.68557e-16,2.12689e-15
403,1.67566e-16,2.12455e-15
404,1.65262e-16,2.11434e-15
405,1.63423e-16,2.1078e-15
406,1.62904e-16,2.10968e-15
407,1.62577e-16,2.11219e-15
408,1.61141e-16,2.10722e-15
409,1.58923e-16,2.09753e-15
410,1.57255e-16,2.09183e-15
411,1.56565e-16,2.09246e-15
412,1.55915e-16,2.09287e-15
413,1.54402e-16,2.08731e-15
414,1.52348e-16,2.07835e-15
415,1.50749e-16,2.07273e-15
416,1.49916e-16,2.07217e-15
417,1.49143e-16,2.07166e-15
418,1.4772e-16,2.06647e-15
419,1.45834e-16,2.05819e-15
420,1.44247e-16,2.05217e-15
421,1.43288e-16,2.05047e-15
422,1.42484e-16,2.04957e-15
423,1.41221e-16,2.0452e-15
424,1.39509e-16,2.03765e-15
425,1.37913e-16,2.03104e-15
426,1.3682e-16,2.02804e-15
427,1.35992e-16,2.02677e-15
428,1.34904e-16,2.02338e-15
429,1.33387e-16,2.01677e-15
430,1.31796e-16,2.00966e-15
431,1.30549e-16,2.00513e-15
432,1.29644e-16,2.00305e-15
433,1.28691e-16,2.00042e-15
434,1.27387e-16,1.99501e-15
435,1.25853e-16,1.98781e-15
436,1.24457e-16,1.98172e-15
437,1.23392e-16,1.97815e-15
438,1.22469e-16,1.97557e-15
439,1.21359e-16,1.97139e-15
440,1.19954e-16,1.96479e-15
441,1.1847e-16,1.95754e-15
442,1.17186e-16,1.95191e-15
443,1.16146e-16,1.94819e-15
444,1.15128e-16,1.94456e-15
445,1.13893e-16,1.93905e-15
446,1.12436e-16,1.93165e-15
447,1.10972e-16,1.92417e-15
448,1.09698e-16,1.91826e-15
449,1.08596e-16,1.91378e-15
450,1.07466e-16,1.90899e-15
451,1.06137e-16,1.90241e-15
452,1.04636e-16,1.89428e-15
453,1.03145e-16,1.8862e-15
454,1.01814e-16,1.8795e-15
455,1.00619e-16,1.87398e-15
456,9.93957e-17,1.86817e-15
457,9.80079e-17,1.8608e-15
458,9.64762e-17,1.85204e-15
459,9.49479e-17,1.84324e-15
460,9.35526e-17,1.83561e-15
461,9.22849e-17,1.82914e-15
462,9.10204e-17,1.82266e-15
463,8.96399e-17,1.81499e-15
464,8.81393e-17,1.80606e-15
465,8.66283e-17,1.7969e-15
466,8.52275e-17,1.78873e-15
467,8.39641e-17,1.78187e-15
468,8.27572e-17,1.77551e-15
469,8.14997e-17,1.76852e-15
470,8.01568e-17,1.76046e-15
471,7.87948e-17,1.75195e-15
472,7.75217e-17,1.74413e-15
473,7.6396e-17,1.73771e-15
474,7.53848e-17,1.73241e-15
475,7.44015e-17,1.72727e-15
476,7.33855e-17,1.72151e-15
477,7.23554e-17,1.7152e-15
478,7.13922e-17,1.70917e-15
479,7.0573e-17,1.70435e-15
480,6.9912e-17,1.70103e-15
481,6.93564e-17,1.69867e-15
482,6.88363e-17,1.69639e-15
483,6.83248e-17,1.69368e-15
484,6.78597e-17,1.69079e-15
485,6.75126e-17,1.68851e-15
486,6.73325e-17,1.68752e-15
487,6.73111e-17,1.68791e-15
488,6.73932e-17,1.68905e-15
489,6.7523e-17,1.69013e-15
490,6.76872e-17,1.69071e-15
491,6.7923e-17,1.69102e-15
492,6.82871e-17,1.69169e-15
493,6.88105e-17,1.69327e-15
494,6.94752e-17,1.69572e-15
495,7.02271e-17,1.69847e-15
496,7.10146e-17,1.70073e-15
497,7.18231e-17,1.70201e-15
498,7.26795e-17,1.70238e-15
499,7.36272e-17,1.70234e-15
500,7.46883e-17,1.70236e-15
501,7.58439e-17,1.7025e-15
502,7.70425e-17,1.70231e-15
503,7.82315e-17,1.70108e-15
504,7.93877e-17,1.6983e-15
505,8.05261e-17,1.69388e-15
506,8.16821e-17,1.68821e-15
507,8.28807e-17,1.68181e-15
508,8.41138e-17,1.67496e-15
509,8.53417e-17,1.66753e-15
510,8.65154e-17,1.65904e-15
511,8.76055e-17,1.64899e-15
512,8.86176e-17,1.6372e-15
513,8.95848e-17,1.62393e-15
514,9.05435e-17,1.60972e-15
515,9.15085e-17,1.5951e-15
516,9.24638e-17,1.58027e-15
517,9.33734e-17,1.56509e-15
518,9.42056e-17,1.54918e-15
519,9.49548e-17,1.53224e-15
520,9.56461e-17,1.51428e-15
521,9.63218e-17,1.49568e-15
522,9.70183e-17,1.47698e-15
523,9.77469e-17,1.45864e-15
524,9.84912e-17,1.44084e-15
525,9.92209e-17,1.4234e-15
526,9.9914e-17,1.40599e-15
527,1.00573e-16,1.38833e-15
528,1.01228e-16,1.37044e-15
529,1.01918e-16,1.35261e-15
530,1.02678e-16,1.3353e-15
531,1.03515e-16,1.3189e-15
532,1.04411e-16,1.30353e-15
533,1.05336e-16,1.28903e-15
534,1.06265e-16,1.27506e-15
535,1.07198e-16,1.26131e-15
536,1.08157e-16,1.24768e-15
537,1.0918e-16,1.23434e-15
538,1.10297e-16,1.22163e-15
539,1.11519e-16,1.2099e-15
540,1.12829e-16,1.19932e-15
541,1.14198e-16,1.18979e-15
542,1.15596e-16,1.18102e-15
543,1.17012e-16,1.17267e-15
544,1.18461e-16,1.16451e-15
545,1.19973e-16,1.15657e-15
546,1.21582e-16,1.14908e-15
547,1.23308e-16,1.14234e-15
548,1.25145e-16,1.1366e-15
549,1.27068e-16,1.13191e-15
550,1.29045e-16,1.12809e-15
551,1.31053e-16,1.12482e-15
552,1.33092e-16,1.12182e-15
553,1.35182e-16,1.11894e-15
554,1.37359e-16,1.11624e-15
555,1.39652e-16,1.11395e-15
556,1.42076e-16,1.11236e-15
557,1.44619e-16,1.11167e-15
558,1.47255e-16,1.11189e-15
559,1.49952e-16,1.11285e-15
560,1.52691e-16,1.11428e-15
561,1.55474e-16,1.11591e-15
562,1.58325e-16,1.11762e-15
563,1.61278e-16,1.11946e-15
564,1.64365e-16,1.12164e-15
565,1.67599e-16,1.12442e-15
566,1.70971e-16,1.12799e-15
567,1.74455e-16,1.13239e-15
568,1.78019e-16,1.1375e-15
569,1.81641e-16,1.14306e-15
570,1.85318e-16,1.14881e-15
571,1.89069e-16,1.15458e-15
572,1.9293e-16,1.16035e-15
573,1.96933e-16,1.16626e-15
574,2.011e-16,1.17252e-15
575,2.05431e-16,1.17932e-15
576,2.09905e-16,1.18676e-15
577,2.14492e-16,1.19479e-15
578,2.19167e-16,1.20321e-15
579,2.23918e-16,1.21178e-15
580,2.28759e-16,1.22029e-15
581,2.33722e-16,1.22865e-15
582,2.38848e-16,1.23691e-15
583,2.44172e-16,1.24527e-15
584,2.49717e-16,1.25394e-15
585,2.55479e-16,1.26313e-15
586,2.6144e-16,1.27295e-15
587,2.67576e-16,1.28336e-15
588,2.73868e-16,1.29422e-15
589,2.80315e-16,1.30536e-15
590,2.86939e-16,1.31664e-15
591,2.93778e-16,1.32804e-15
592,3.00879e-16,1.33966e-15
593,3.08283e-16,1.35169e-15
594,3.16012e-16,1.36439e-15
595,3.24068e-16,1.37796e-15
596,3.32433e-16,1.39253e-15
597,3.41082e-16,1.40809e-15
598,3.49997e-16,1.42454e-15
599,3.59173e-16,1.44172e-15
600,3.68629e-16,1.45948e-15
601,3.78405e-16,1.47777e-15
602,3.88552e-16,1.49663e-15
603,3.99116e-16,1.5162e-15
604,4.10132e-16,1.53671e-15
605,4.21614e-16,1.55835e-15
606,4.33554e-16,1.58127e-15
607,4.45934e-16,1.60553e-15
608,4.58734e-16,1.63106e-15
609,4.71948e-16,1.65774e-15
610,4.85591e-16,1.68542e-15
611,4.99701e-16,1.71401e-15
612,5.14338e-16,1.7435e-15
613,5.29564e-16,1.77399e-15
614,5.4544e-16,1.80565e-15
615,5.62006e-16,1.83873e-15
616,5.79284e-16,1.87345e-15
617,5.97272e-16,1.90996e-15
618,6.15961e-16,1.94832e-15
619,6.3534e-16,1.98852e-15
620,6.55416e-16,2.03048e-15
621,6.76216e-16,2.07409e-15
622,6.97795e-16,2.1193e-15
623,7.20224e-16,2.16612e-15
624,7.43585e-16,2.21467e-15
625,7.67953e-16,2.26512e-15
626,7.93388e-16,2.3177e-15
627,8.19925e-16,2.37262e-15
628,8.47582e-16,2.43003e-15
629,8.76364e-16,2.49001e-15
630,9.06277e-16,2.55254e-15
631,9.37346e-16,2.61754e-15
632,9.69626e-16,2.68489e-15
633,1.00321e-15,2.75453e-15
634,1.03821e-15,2.82644e-15
635,1.07478e-15,2.90069e-15
636,1.11308e-15,2.97749e-15
637,1.15327e-15,3.05711e-15
638,1.1955e-15,3.13985e-15
639,1.23991e-15,3.22604e-15
640,1.28661e-15,3.31599e-15
641,1.33573e-15,3.40996e-15
642,1.38742e-15,3.50816e-15
643,1.44184e-15,3.61081e-15
644,1.4992e-15,3.71814e-15
645,1.55974e-15,3.83042e-15
646,1.62376e-15,3.94803e-15
647,1.69154e-15,4.07143e-15
648,1.7634e-15,4.20118e-15
649,1.83964e-15,4.3379e-15
650,1.92052e-15,4.48222e-15
651,2.00631e-15,4.63476e-15
652,2.09723e-15,4.79607e-15
653,2.19349e-15,4.96664e-15
654,2.29532e-15,5.14689e-15
655,2.40297e-15,5.33718e-15
656,2.51672e-15,5.53784e-15
657,2.63688e-15,5.74923e-15
658,2.76382e-15,5.9717e-15
659,2.89788e-15,6.20565e-15
660,3.03942e-15,6.45151e-15
661,3.18874e-15,6.70965e-15
662,3.34605e-15,6.9804e-15
663,3.51149e-15,7.26391e-15
664,3.68508e-15,7.56019e-15
665,3.86673e-15,7.86897e-15
666,4.05624e-15,8.18974e-15
667,4.25334e-15,8.52169e-15
668,4.45765e-15,8.86374e-15
669,4.66875e-15,9.21456e-15
670,4.88607e-15,9.57251e-15
671,5.10894e-15,9.9357e-15
672,5.33653e-15,1.03019e-14
673,5.56774e-15,1.06686e-14
674,5.80118e-15,1.10326e-14
675,6.03508e-15,1.13907e-14
676,6.26727e-15,1.17386e-14
677,6.49516e-15,1.2072e-14
678,6.71571e-15,1.23856e-14
679,6.92559e-15,1.26741e-14
680,7.12119e-15,1.29319e-14
681,7.29879e-15,1.31531e-14
682,7.45476e-15,1.33323e-14
683,7.5857e-15,1.34648e-14
684,7.68864e-15,1.35463e-14
685,7.76117e-15,1.3574e-14
686,7.80163e-15,1.35461e-14
687,7.80914e-15,1.34623e-14
688,7.78368e-15,1.33237e-14
689,7.72607e-15,1.3133e-14
690,7.63789e-15,1.28939e-14
691,7.52141e-15,1.26113e-14
692,7.37945e-15,1.22906e-14
693,7.21521e-15,1.19381e-14
694,7.03214e-15,1.15599e-14
695,6.83378e-15,1.11625e-14
696,6.62362e-15,1.07517e-14
697,6.40497e-15,1.03329e-14
698,6.1809e-15,9.91125e-15
699,5.95415e-15,9.49085e-15
700,5.7271e-15,9.07534e-15
701,5.50178e-15,8.66764e-15
702,5.27985e-15,8.27011e-15
703,5.06265e-15,7.88455e-15
704,4.8512e-15,7.5123e-15
705,4.64627e-15,7.15432e-15
706,4.44842e-15,6.81123e-15
707,4.25801e-15,6.4834e-15
708,4.07525e-15,6.17096e-15
709,3.90024e-15,5.87387e-15
710,3.73298e-15,5.5919e-15
711,3.57339e-15,5.32473e-15
712,3.42134e-15,5.0719e-15
713,3.27664e-15,4.83286e-15
714,3.13907e-15,4.60703e-15
715,3.0084e-15,4.39375e-15
716,2.88434e-15,4.19235e-15
717,2.76661e-15,4.00217e-15
718,2.65493e-15,3.82257e-15
719,2.54899e-15,3.65291e-15
720,2.44849e-15,3.4926e-15
721,2.35314e-15,3.34111e-15
722,2.26266e-15,3.19792e-15
723,2.17676e-15,3.06255e-15
724,2.09519e-15,2.93456e-15
725,2.0177e-15,2.81354e-15
726,1.94405e-15,2.69907e-15
727,1.87402e-15,2.59079e-15
728,1.8074e-15,2.48831e-15
729,1.74401e-15,2.39127e-15
730,1.68366e-15,2.29933e-15
731,1.62619e-15,2.21215e-15
732,1.57144e-15,2.12942e-15
733,1.51927e-15,2.05086e-15
734,1.46953e-15,1.97619e-15
735,1.4221e-15,1.90516e-15
736,1.37683e-15,1.83756e-15
737,1.33361e-15,1.77318e-15
738,1.29232e-15,1.71185e-15
739,1.25286e-15,1.65341e-15
740,1.21511e-15,1.59769e-15
741,1.17897e-15,1.54457e-15
742,1.14436e-15,1.4939e-15
743,1.11119e-15,1.44556e-15
744,1.07938e-15,1.39943e-15
745,1.04886e-15,1.35538e-15
746,1.01957e-15,1.3133e-15
747,9.91447e-16,1.27306e-15
748,9.64443e-16,1.23456e-15
749,9.38504e-16,1.19769e-15
750,9.13582e-16,1.16237e-15
751,8.89632e-16,1.12849e-15
752,8.66608e-16,1.09598e-15
753,8.44465e-16,1.06477e-15
754,8.23159e-16,1.03479e-15
755,8.02646e-16,1.00598e-15
756,7.82884e-16,9.78295e-16
757,7.63832e-16,9.51681e-16
758,7.45451e-16,9.26094e-16
759,7.27708e-16,9.01492e-16
760,7.10569e-16,8.77834e-16
761,6.94007e-16,8.55078e-16
762,6.77996e-16,8.33183e-16
763,6.62516e-16,8.12111e-16
764,6.47546e-16,7.9182e-16
765,6.3307e-16,7.7227e-16
766,6.19072e-16,7.53424e-16
767,6.05536e-16,7.35243e-16
768,5.92446e-16,7.17692e-16
769,5.79785e-16,7.00737e-16
770,5.67535e-16,6.84348e-16
771,5.55679e-16,6.68497e-16
772,5.44197e-16,6.5316e-16
773,5.3307e-16,6.38315e-16
774,5.22279e-16,6.23944e-16
775,5.11806e-16,6.10031e-16
776,5.01635e-16,5.96561e-16
777,4.91751e-16,5.83524e-16
778,4.82142e-16,5.70906e-16
779,4.72798e-16,5.58696e-16
780,4.6371e-16,5.46882e-16
781,4.54872e-16,5.3545e-16
782,4.46279e-16,5.24387e-16
783,4.37926e-16,5.13676e-16
784,4.29808e-16,5.03301e-16
785,4.21921e-16,4.93245e-16
786,4.14258e-16,4.83488e-16
787,4.06812e-16,4.74013e-16
788,3.99576e-16,4.64804e-16
789,3.9254e-16,4.55846e-16
790,3.85694e-16,4.47124e-16
791,3.79028e-16,4.3863e-16
792,3.72532e-16,4.30354e-16
793,3.66196e-16,4.22292e-16
794,3.60012e-16,4.1444e-16
795,3.53973e-16,4.06797e-16
796,3.48072e-16,3.99362e-16
797,3.42306e-16,3.92135e-16
798,3.36672e-16,3.85115e-16
799,3.31168e-16,3.78299e-16
800,3.25793e-16,3.71684e-16
801,3.20547e-16,3.65264e-16
802,3.1543e-16,3.59031e-16
803,3.10439e-16,3.52974e-16
804,3.05574e-16,3.47083e-16
805,3.00832e-16,3.41344e-16
806,2.96209e-16,3.35746e-16
807,2.91699e-16,3.30277e-16
808,2.87299e-16,3.24926e-16
809,2.83001e-16,3.19686e-16
810,2.78798e-16,3.14549e-16
811,2.74686e-16,3.09514e-16
812,2.70659e-16,3.0458e-16
813,2.66711e-16,2.99748e-16
814,2.62839e-16,2.95022e-16
815,2.5904e-16,2.90406e-16
816,2.55313e-16,2.85904e-16
817,2.51657e-16,2.81521e-16
818,2.48073e-16,2.77258e-16
819,2.44562e-16,2.73116e-16
820,2.41124e-16,2.69094e-16
821,2.37761e-16,2.65185e-16
822,2.34473e-16,2.61386e-16
823,2.31259e-16,2.57685e-16
824,2.28119e-16,2.54074e-16
825,2.2505e-16,2.50543e-16
826,2.2205e-16,2.4708e-16
827,2.19116e-16,2.43677e-16
828,2.16243e-16,2.40326e-16
829,2.13428e-16,2.37022e-16
830,2.10665e-16,2.33762e-16
831,2.07952e-16,2.30546e-16
832,2.05284e-16,2.27376e-16
833,2.02658e-16,2.24257e-16
834,2.00074e-16,2.21194e-16
835,1.9753e-16,2.18194e-16
836,1.95026e-16,2.15263e-16
837,1.92563e-16,2.12408e-16
838,1.90141e-16,2.09631e-16
839,1.87762e-16,2.06935e-16
840,1.85428e-16,2.0432e-16
841,1.8314e-16,2.01782e-16
842,1.80898e-16,1.99317e-16
843,1.78704e-16,1.96917e-16
844,1.76556e-16,1.94574e-16
845,1.74454e-16,1.92278e-16
846,1.72395e-16,1.9002e-16
847,1.70378e-16,1.87792e-16
848,1.684e-16,1.85585e-16
849,1.66456e-16,1.83395e-16
850,1.64546e-16,1.81219e-16
851,1.62665e-16,1.79056e-16
852,1.6081e-16,1.76909e-16
853,1.58981e-16,1.74781e-16
854,1.57175e-16,1.72678e-16
855,1.55391e-16,1.70609e-16
856,1.5363e-16,1.68579e-16
857,1.51892e-16,1.66596e-16
858,1.50179e-16,1.64666e-16
859,1.48491e-16,1.62793e-16
860,1.4683e-16,1.60981e-16
861,1.45197e-16,1.59228e-16
862,1.43594e-16,1.57533e-16
863,1.42022e-16,1.55891e-16
864,1.40481e-16,1.54295e-16
865,1.38972e-16,1.52738e-16
866,1.37492e-16,1.51211e-16
867,1.36042e-16,1.49705e-16
868,1.34619e-16,1.48212e-16
869,1.33221e-16,1.46725e-16
870,1.31847e-16,1.45238e-16
871,1.30493e-16,1.43749e-16
872,1.29157e-16,1.42256e-16
873,1.27837e-16,1.40761e-16
874,1.26533e-16,1.39268e-16
875,1.25241e-16,1.37781e-16
876,1.23962e-16,1.36307e-16
877,1.22696e-16,1.34854e-16
878,1.21443e-16,1.3343e-16
879,1.20204e-16,1.32041e-16
880,1.18979e-16,1.30693e-16
881,1.17771e-16,1.29391e-16
882,1.16581e-16,1.28137e-16
883,1.1541e-16,1.26931e-16
884,1.14259e-16,1.25771e-16
885,1.1313e-16,1.24653e-16
886,1.12022e-16,1.23571e-16
887,1.10936e-16,1.22518e-16
888,1.0987e-16,1.21486e-16
889,1.08826e-16,1.20466e-16
890,1.078e-16,1.19451e-16
891,1.06791e-16,1.18434e-16
892,1.05798e-16,1.17409e-16
893,1.04818e-16,1.16373e-16
894,1.03851e-16,1.15324e-16
895,1.02893e-16,1.14262e-16
896,1.01944e-16,1.13191e-16
897,1.01003e-16,1.12113e-16
898,1.00069e-16,1.11036e-16
899,9.91414e-17,1.09967e-16
900,9.82209e-17,1.08911e-16
901,9.73078e-17,1.07877e-16
902,9.64032e-17,1.06872e-16
903,9.55081e-17,1.059e-16
904,9.46237e-17,1.04966e-16
905,9.37515e-17,1.04072e-16
906,9.28925e-17,1.03219e-16
907,9.20478e-17,1.02404e-16
908,9.12182e-17,1.01625e-16
909,9.04041e-17,1.00875e-16
910,8.96057e-17,1.00149e-16
911,8.88226e-17,9.94388e-17
912,8.80542e-17,9.87374e-17
913,8.72996e-17,9.80371e-17
914,8.65574e-17,9.73313e-17
915,8.58265e-17,9.66144e-17
916,8.51051e-17,9.58822e-17
917,8.43919e-17,9.51324e-17
918,8.36853e-17,9.43646e-17
919,8.29843e-17,9.358e-17
920,8.22877e-17,9.27819e-17
921,8.1595e-17,9.19749e-17
922,8.09056e-17,9.1165e-17
923,8.02197e-17,9.03587e-17
924,7.95374e-17,8.95633e-17
925,7.88595e-17,8.87854e-17
926,7.81866e-17,8.80316e-17
927,7.75198e-17,8.7307e-17
928,7.68602e-17,8.66156e-17
929,7.62089e-17,8.59598e-17
930,7.5567e-17,8.53402e-17
931,7.49354e-17,8.47556e-17
932,7.43148e-17,8.42031e-17
933,7.37056e-17,8.36784e-17
934,7.31081e-17,8.31758e-17
935,7.25221e-17,8.26887e-17
936,7.19472e-17,8.22102e-17
937,7.13828e-17,8.17332e-17
938,7.08279e-17,8.1251e-17
939,7.02814e-17,8.07578e-17
940,6.97423e-17,8.02486e-17
941,6.92092e-17,7.97202e-17
942,6.86809e-17,7.91708e-17
943,6.81564e-17,7.86002e-17
944,6.76347e-17,7.801e-17
945,6.7115e-17,7.74033e-17
946,6.65969e-17,7.67846e-17
947,6.608e-17,7.61595e-17
948,6.55645e-17,7.55341e-17
949,6.50506e-17,7.4915e-17
950,6.45388e-17,7.43089e-17
951,6.40299e-17,7.37218e-17
952,6.35247e-17,7.3159e-17
953,6.30241e-17,7.26247e-17
954,6.25291e-17,7.21219e-17
955,6.20406e-17,7.16518e-17
956,6.15595e-17,7.12142e-17
957,6.10864e-17,7.08075e-17
958,6.06219e-17,7.04283e-17
959,6.01663e-17,7.00722e-17
960,5.97196e-17,6.97337e-17
961,5.92816e-17,6.94067e-17
962,5.8852e-17,6.90847e-17
963,5.84302e-17,6.87612e-17
964,5.80153e-17,6.84301e-17
965,5.76065e-17,6.80859e-17
966,5.72027e-17,6.77244e-17
967,5.6803e-17,6.73422e-17
968,5.64064e-17,6.69376e-17
969,5.6012e-17,6.65103e-17
970,5.56189e-17,6.60613e-17
971,5.52265e-17,6.55932e-17
972,5.48345e-17,6.51098e-17
973,5.44425e-17,6.46158e-17
974,5.40506e-17,6.41168e-17
975,5.36589e-17,6.36189e-17
976,5.32678e-17,6.31281e-17
977,5.28779e-17,6.26504e-17
978,5.24898e-17,6.21913e-17
979,5.21043e-17,6.17554e-17
980,5.17223e-17,6.13463e-17
981,5.13445e-17,6.09665e-17
982,5.09717e-17,6.0617e-17
983,5.06047e-17,6.02975e-17
984,5.0244e-17,6.00064e-17
985,4.989e-17,5.97408e-17
986,4.95429e-17,5.94967e-17
987,4.92029e-17,5.92691e-17
988,4.88698e-17,5.90526e-17
989,4.85433e-17,5.88412e-17
990,4.82228e-17,5.86289e-17
991,4.79079e-17,5.841e-17
992,4.75977e-17,5.81792e-17
993,4.72915e-17,5.79322e-17
994,4.69884e-17,5.76653e-17
995,4.66876e-17,5.73762e-17
996,4.63883e-17,5.70639e-17
997,4.60898e-17,5.67284e-17
998,4.57915e-17,5.63712e-17
999,4.54929e-17,5.59948e-17
1000,4.51937e-17,5.5603e-17
