wav,cscat,cabs
400,1.1769e-16,1.50224e-15
401,1.17549e-16,1.50427e-15
402,1.17859e-16,1.50872e-15
403,1.17048e-16,1.50558e-15
404,1.15283e-16,1.49656e-15
405,1.14014e-16,1.49128e-15
406,1.13776e-16,1.49275e-15
407,1.13562e-16,1.49394e-15
408,1.12422e-16,1.48877e-15
409,1.10768e-16,1.48046e-15
410,1.09657e-16,1.47611e-15
411,1.09283e-16,1.47664e-15
412,1.08813e-16,1.47614e-15
413,1.07625e-16,1.47056e-15
414,1.06113e-16,1.46297e-15
415,1.0506e-16,1.45879e-15
416,1.04573e-16,1.45845e-15
417,1.04013e-16,1.45726e-15
418,1.02899e-16,1.45201e-15
419,1.01511e-16,1.44496e-15
420,1.00459e-16,1.4405e-15
421,9.98801e-17,1.43936e-15
422,9.9311e-17,1.43803e-15
423,9.83237e-17,1.43346e-15
424,9.70508e-17,1.42687e-15
425,9.59718e-17,1.42187e-15
426,9.52971e-17,1.41987e-15
427,9.47374e-17,1.41851e-15
428,9.38949e-17,1.41481e-15
429,9.27463e-17,1.40879e-15
430,9.16378e-17,1.4032e-15
431,9.0847e-17,1.40011e-15
432,9.02646e-17,1.3985e-15
433,8.95523e-17,1.39567e-15
434,8.85494e-17,1.39046e-15
435,8.74403e-17,1.3845e-15
436,8.65182e-17,1.38011e-15
437,8.58463e-17,1.37769e-15
438,8.52051e-17,1.37537e-15
439,8.43564e-17,1.37121e-15
440,8.33048e-17,1.36539e-15
441,8.22734e-17,1.35981e-15
442,8.14454e-17,1.35598e-15
443,8.07701e-17,1.35335e-15
444,8.00337e-17,1.35006e-15
445,7.90963e-17,1.34497e-15
446,7.80324e-17,1.33883e-15
447,7.7037e-17,1.33335e-15
448,7.6215e-17,1.32941e-15
449,7.54802e-17,1.32614e-15
450,7.46559e-17,1.32197e-15
451,7.36596e-17,1.3162e-15
452,7.25785e-17,1.3097e-15
453,7.15705e-17,1.30392e-15
454,7.07039e-17,1.29945e-15
455,6.98967e-17,1.29545e-15
456,6.90074e-17,1.29058e-15
457,6.79761e-17,1.28431e-15
458,6.68765e-17,1.2774e-15
459,6.58375e-17,1.2711e-15
460,6.49187e-17,1.26595e-15
461,6.40608e-17,1.26133e-15
462,6.31498e-17,1.25609e-15
463,6.21279e-17,1.24966e-15
464,6.10439e-17,1.24255e-15
465,6.00036e-17,1.23587e-15
466,5.90721e-17,1.23028e-15
467,5.82208e-17,1.22543e-15
468,5.73611e-17,1.22037e-15
469,5.64298e-17,1.2144e-15
470,5.54451e-17,1.20772e-15
471,5.4488e-17,1.20122e-15
472,5.36308e-17,1.19571e-15
473,5.28779e-17,1.19124e-15
474,5.21697e-17,1.18712e-15
475,5.14404e-17,1.18256e-15
476,5.06766e-17,1.17735e-15
477,4.99282e-17,1.17203e-15
478,4.92656e-17,1.16745e-15
479,4.87225e-17,1.16404e-15
480,4.82736e-17,1.16153e-15
481,4.78609e-17,1.1592e-15
482,4.74457e-17,1.15647e-15
483,4.70409e-17,1.1534e-15
484,4.66993e-17,1.1506e-15
485,4.64714e-17,1.14873e-15
486,4.63666e-17,1.14799e-15
487,4.63496e-17,1.14798e-15
488,4.63716e-17,1.14802e-15
489,4.64098e-17,1.14765e-15
490,4.6484e-17,1.14698e-15
491,4.66393e-17,1.14655e-15
492,4.69101e-17,1.14686e-15
493,4.72937e-17,1.14801e-15
494,4.77529e-17,1.14957e-15
495,4.82442e-17,1.15089e-15
496,4.87483e-17,1.15154e-15
497,4.92811e-17,1.15156e-15
498,4.98779e-17,1.15134e-15
499,5.05632e-17,1.15132e-15
500,5.13303e-17,1.1516e-15
501,5.2143e-17,1.15184e-15
502,5.29588e-17,1.15146e-15
503,5.37547e-17,1.14999e-15
504,5.45383e-17,1.14738e-15
505,5.53367e-17,1.14391e-15
506,5.61723e-17,1.14002e-15
507,5.7043e-17,1.13592e-15
508,5.79194e-17,1.13147e-15
509,5.87618e-17,1.12624e-15
510,5.95431e-17,1.11981e-15
511,6.02627e-17,1.11202e-15
512,6.09433e-17,1.10309e-15
513,6.16121e-17,1.09344e-15
514,6.22805e-17,1.08347e-15
515,6.29359e-17,1.07328e-15
516,6.35488e-17,1.0627e-15
517,6.40917e-17,1.05137e-15
518,6.45567e-17,1.03905e-15
519,6.49602e-17,1.02578e-15
520,6.5333e-17,1.01188e-15
521,6.5702e-17,9.97791e-16
522,6.60753e-17,9.83859e-16
523,6.64401e-17,9.70155e-16
524,6.67728e-17,9.56493e-16
525,6.70567e-17,9.42586e-16
526,6.72941e-17,9.28259e-16
527,6.75075e-17,9.13578e-16
528,6.77283e-17,8.98845e-16
529,6.79811e-17,8.84447e-16
530,6.82716e-17,8.70663e-16
531,6.85864e-17,8.57537e-16
532,6.89036e-17,8.44888e-16
533,6.92075e-17,8.32434e-16
534,6.94997e-17,8.19975e-16
535,6.97994e-17,8.07513e-16
536,7.01339e-17,7.95261e-16
537,7.05246e-17,7.83527e-16
538,7.09764e-17,7.72559e-16
539,7.14761e-17,7.62418e-16
540,7.20011e-17,7.52959e-16
541,7.25324e-17,7.43914e-16
542,7.30654e-17,7.3504e-16
543,7.36131e-17,7.26248e-16
544,7.41991e-17,7.17638e-16
545,7.48455e-17,7.09447e-16
546,7.55618e-17,7.0192e-16
547,7.63401e-17,6.95184e-16
548,7.71598e-17,6.89184e-16
549,7.79984e-17,6.83714e-16
550,7.88432e-17,6.78519e-16
551,7.96975e-17,6.73421e-16
552,8.05793e-17,6.68396e-16
553,8.15115e-17,6.6358e-16
554,8.25115e-17,6.59195e-16
555,8.35817e-17,6.55434e-16
556,8.47093e-17,6.5237e-16
557,8.58725e-17,6.49914e-16
558,8.70508e-17,6.47865e-16
559,8.82352e-17,6.45997e-16
560,8.9432e-17,6.44162e-16
561,9.066e-17,6.42351e-16
562,9.19412e-17,6.40687e-16
563,9.32907e-17,6.39362e-16
564,9.47094e-17,6.38542e-16
565,9.61842e-17,6.38284e-16
566,9.76932e-17,6.38509e-16
567,9.92164e-17,6.39031e-16
568,1.00744e-16,6.39635e-16
569,1.02281e-16,6.40161e-16
570,1.03844e-16,6.40562e-16
571,1.05455e-16,6.40911e-16
572,1.07131e-16,6.41356e-16
573,1.08877e-16,6.42045e-16
574,1.10682e-16,6.4305e-16
575,1.12529e-16,6.44333e-16
576,1.14397e-16,6.45751e-16
577,1.16275e-16,6.47114e-16
578,1.18163e-16,6.48253e-16
579,1.20076e-16,6.4909e-16
580,1.22037e-16,6.49658e-16
581,1.24068e-16,6.50089e-16
582,1.26182e-16,6.50554e-16
583,1.28381e-16,6.51202e-16
584,1.30653e-16,6.52105e-16
585,1.32979e-16,6.53235e-16
586,1.35344e-16,6.5449e-16
587,1.37742e-16,6.5574e-16
588,1.40179e-16,6.5689e-16
589,1.42672e-16,6.57922e-16
590,1.45245e-16,6.58911e-16
591,1.47919e-16,6.60002e-16
592,1.50704e-16,6.61363e-16
593,1.53598e-16,6.63127e-16
594,1.56589e-16,6.65353e-16
595,1.59657e-16,6.68012e-16
596,1.62787e-16,6.71003e-16
597,1.65972e-16,6.742e-16
598,1.69216e-16,6.77501e-16
599,1.72537e-16,6.8087e-16
600,1.75958e-16,6.84349e-16
601,1.79499e-16,6.88048e-16
602,1.83172e-16,6.92103e-16
603,1.8698e-16,6.96638e-16
604,1.90911e-16,7.01717e-16
605,1.94947e-16,7.07332e-16
606,1.99071e-16,7.13407e-16
607,2.03273e-16,7.19832e-16
608,2.07552e-16,7.26502e-16
609,2.11921e-16,7.33355e-16
610,2.164e-16,7.40397e-16
611,2.21009e-16,7.47696e-16
612,2.25767e-16,7.55368e-16
613,2.30678e-16,7.63529e-16
614,2.35736e-16,7.72269e-16
615,2.40925e-16,7.81616e-16
616,2.46224e-16,7.9153e-16
617,2.51615e-16,8.01918e-16
618,2.57086e-16,8.12662e-16
619,2.62639e-16,8.2365e-16
620,2.68284e-16,8.34809e-16
621,2.74039e-16,8.46117e-16
622,2.79924e-16,8.57602e-16
623,2.85954e-16,8.69317e-16
624,2.92132e-16,8.81316e-16
625,2.98456e-16,8.93622e-16
626,3.04914e-16,9.06208e-16
627,3.11493e-16,9.18993e-16
628,3.18185e-16,9.31858e-16
629,3.24993e-16,9.44667e-16
630,3.31934e-16,9.57308e-16
631,3.39037e-16,9.69709e-16
632,3.46341e-16,9.81865e-16
633,3.53888e-16,9.9383e-16
634,3.61717e-16,1.00571e-15
635,3.69859e-16,1.01763e-15
636,3.78333e-16,1.02971e-15
637,3.8715e-16,1.04204e-15
638,3.96311e-16,1.05469e-15
639,4.0582e-16,1.06766e-15
640,4.15685e-16,1.08094e-15
641,4.25923e-16,1.09452e-15
642,4.36561e-16,1.1084e-15
643,4.47636e-16,1.12263e-15
644,4.5919e-16,1.13728e-15
645,4.71264e-16,1.15248e-15
646,4.83891e-16,1.16836e-15
647,4.97097e-16,1.18507e-15
648,5.10896e-16,1.20273e-15
649,5.25291e-16,1.22141e-15
650,5.40286e-16,1.24115e-15
651,5.55883e-16,1.26195e-15
652,5.72095e-16,1.28379e-15
653,5.88944e-16,1.30664e-15
654,6.06468e-16,1.33049e-15
655,6.24715e-16,1.35538e-15
656,6.4374e-16,1.38135e-15
657,6.63599e-16,1.40852e-15
658,6.84347e-16,1.437e-15
659,7.06026e-16,1.46693e-15
660,7.28674e-16,1.49844e-15
661,7.52317e-16,1.53161e-15
662,7.76978e-16,1.56651e-15
663,8.02682e-16,1.60319e-15
664,8.29461e-16,1.64165e-15
665,8.57359e-16,1.68191e-15
666,8.86433e-16,1.72399e-15
667,9.16756e-16,1.76791e-15
668,9.48411e-16,1.81375e-15
669,9.81487e-16,1.86159e-15
670,1.01608e-15,1.91156e-15
671,1.05228e-15,1.96379e-15
672,1.09017e-15,2.0184e-15
673,1.12984e-15,2.07552e-15
674,1.17138e-15,2.13527e-15
675,1.21489e-15,2.19772e-15
676,1.26048e-15,2.26299e-15
677,1.30827e-15,2.33116e-15
678,1.35842e-15,2.40234e-15
679,1.41111e-15,2.4767e-15
680,1.46654e-15,2.55442e-15
681,1.52492e-15,2.63574e-15
682,1.58647e-15,2.72094e-15
683,1.65143e-15,2.81035e-15
684,1.72001e-15,2.90429e-15
685,1.79245e-15,3.00311e-15
686,1.86896e-15,3.10714e-15
687,1.94974e-15,3.21671e-15
688,2.03502e-15,3.33212e-15
689,2.12501e-15,3.45367e-15
690,2.21997e-15,3.58163e-15
691,2.32015e-15,3.71628e-15
692,2.42583e-15,3.85791e-15
693,2.5373e-15,4.0068e-15
694,2.65487e-15,4.16326e-15
695,2.77884e-15,4.32759e-15
696,2.90948e-15,4.50007e-15
697,3.04707e-15,4.68096e-15
698,3.19179e-15,4.87046e-15
699,3.34381e-15,5.06868e-15
700,3.50321e-15,5.27568e-15
701,3.67e-15,5.49134e-15
702,3.84409e-15,5.71545e-15
703,4.0253e-15,5.94762e-15
704,4.21332e-15,6.18728e-15
705,4.4077e-15,6.43364e-15
706,4.60781e-15,6.6857e-15
707,4.81284e-15,6.94216e-15
708,5.02173e-15,7.20144e-15
709,5.23314e-15,7.46162e-15
710,5.44547e-15,7.72041e-15
711,5.6568e-15,7.97518e-15
712,5.86489e-15,8.22292e-15
713,6.06724e-15,8.46032e-15
714,6.2611e-15,8.68382e-15
715,6.44358e-15,8.88969e-15
716,6.61169e-15,9.07417e-15
717,6.76247e-15,9.23358e-15
718,6.89312e-15,9.36451e-15
719,7.00108e-15,9.46397e-15
720,7.08421e-15,9.5295e-15
721,7.14082e-15,9.55934e-15
722,7.16982e-15,9.55249e-15
723,7.17069e-15,9.5088e-15
724,7.14358e-15,9.42894e-15
725,7.08927e-15,9.31441e-15
726,7.00909e-15,9.16742e-15
727,6.90491e-15,8.99085e-15
728,6.77901e-15,8.78803e-15
729,6.634e-15,8.56265e-15
730,6.47265e-15,8.31859e-15
731,6.29786e-15,8.05974e-15
732,6.11248e-15,7.78992e-15
733,5.91927e-15,7.51272e-15
734,5.72079e-15,7.23143e-15
735,5.51938e-15,6.94897e-15
736,5.31708e-15,6.6679e-15
737,5.11567e-15,6.39036e-15
738,4.91663e-15,6.11811e-15
739,4.72117e-15,5.85254e-15
740,4.53025e-15,5.59475e-15
741,4.34461e-15,5.34555e-15
742,4.1648e-15,5.1055e-15
743,3.99122e-15,4.87499e-15
744,3.82413e-15,4.65422e-15
745,3.6637e-15,4.44328e-15
746,3.50998e-15,4.24212e-15
747,3.36297e-15,4.05064e-15
748,3.22262e-15,3.86861e-15
749,3.0888e-15,3.69577e-15
750,2.96137e-15,3.53182e-15
751,2.84012e-15,3.37639e-15
752,2.72483e-15,3.2291e-15
753,2.61526e-15,3.08955e-15
754,2.51115e-15,2.95734e-15
755,2.41222e-15,2.83208e-15
756,2.3182e-15,2.71338e-15
757,2.22884e-15,2.60088e-15
758,2.14387e-15,2.49424e-15
759,2.06307e-15,2.39314e-15
760,1.98619e-15,2.29728e-15
761,1.91304e-15,2.20639e-15
762,1.84343e-15,2.1202e-15
763,1.77717e-15,2.03846e-15
764,1.71409e-15,1.96092e-15
765,1.65405e-15,1.88736e-15
766,1.59689e-15,1.81753e-15
767,1.54245e-15,1.75121e-15
768,1.49059e-15,1.68817e-15
769,1.44117e-15,1.62821e-15
770,1.39404e-15,1.57112e-15
771,1.34907e-15,1.51671e-15
772,1.30612e-15,1.46483e-15
773,1.26507e-15,1.41532e-15
774,1.22581e-15,1.36806e-15
775,1.18823e-15,1.32291e-15
776,1.15224e-15,1.2798e-15
777,1.11774e-15,1.23861e-15
778,1.08467e-15,1.19928e-15
779,1.05296e-15,1.16171e-15
780,1.02254e-15,1.12584e-15
781,9.93376e-16,1.09157e-15
782,9.65401e-16,1.05882e-15
783,9.38568e-16,1.0275e-15
784,9.12826e-16,9.97529e-16
785,8.88123e-16,9.68809e-16
786,8.64407e-16,9.41255e-16
787,8.41624e-16,9.14788e-16
788,8.1972e-16,8.89335e-16
789,7.98644e-16,8.64833e-16
790,7.78347e-16,8.4123e-16
791,7.58781e-16,8.18487e-16
792,7.39905e-16,7.96572e-16
793,7.21683e-16,7.75463e-16
794,7.04084e-16,7.5514e-16
795,6.8708e-16,7.3559e-16
796,6.70649e-16,7.16795e-16
797,6.54773e-16,6.98736e-16
798,6.39436e-16,6.81388e-16
799,6.24623e-16,6.64723e-16
800,6.10319e-16,6.48704e-16
801,5.96507e-16,6.33291e-16
802,5.83171e-16,6.18439e-16
803,5.70292e-16,6.04103e-16
804,5.57849e-16,5.9024e-16
805,5.45819e-16,5.7681e-16
806,5.34181e-16,5.63779e-16
807,5.2291e-16,5.5112e-16
808,5.11985e-16,5.38815e-16
809,5.01384e-16,5.26854e-16
810,4.91089e-16,5.15233e-16
811,4.81085e-16,5.03954e-16
812,4.71358e-16,4.93023e-16
813,4.61899e-16,4.82446e-16
814,4.52701e-16,4.72228e-16
815,4.43758e-16,4.62371e-16
816,4.35066e-16,4.52871e-16
817,4.26622e-16,4.4372e-16
818,4.18424e-16,4.349e-16
819,4.10468e-16,4.26391e-16
820,4.02748e-16,4.18166e-16
821,3.95259e-16,4.10198e-16
822,3.87991e-16,4.02457e-16
823,3.80936e-16,3.94915e-16
824,3.74082e-16,3.87548e-16
825,3.67418e-16,3.80336e-16
826,3.60931e-16,3.73267e-16
827,3.5461e-16,3.66333e-16
828,3.48444e-16,3.59537e-16
829,3.42424e-16,3.52882e-16
830,3.36542e-16,3.4638e-16
831,3.30793e-16,3.40043e-16
832,3.25171e-16,3.33886e-16
833,3.19676e-16,3.27918e-16
834,3.14307e-16,3.2215e-16
835,3.09063e-16,3.16586e-16
836,3.03945e-16,3.11225e-16
837,2.98955e-16,3.06058e-16
838,2.94093e-16,3.01074e-16
839,2.89357e-16,2.96256e-16
840,2.84746e-16,2.91583e-16
841,2.80258e-16,2.87032e-16
842,2.75888e-16,2.82582e-16
843,2.71629e-16,2.78211e-16
844,2.67477e-16,2.73904e-16
845,2.63424e-16,2.69646e-16
846,2.59462e-16,2.65433e-16
847,2.55586e-16,2.61262e-16
848,2.51787e-16,2.57139e-16
849,2.48063e-16,2.53071e-16
850,2.44407e-16,2.49072e-16
851,2.40817e-16,2.45156e-16
852,2.37292e-16,2.41339e-16
853,2.33831e-16,2.37634e-16
854,2.30435e-16,2.34053e-16
855,2.27106e-16,2.30601e-16
856,2.23844e-16,2.27283e-16
857,2.20653e-16,2.24095e-16
858,2.17533e-16,2.2103e-16
859,2.14486e-16,2.18074e-16
860,2.11512e-16,2.15213e-16
861,2.0861e-16,2.12428e-16
862,2.05777e-16,2.09701e-16
863,2.03012e-16,2.07014e-16
864,2.00311e-16,2.04349e-16
865,1.97668e-16,2.01696e-16
866,1.95081e-16,1.99045e-16
867,1.92543e-16,1.96392e-16
868,1.90052e-16,1.9374e-16
869,1.87601e-16,1.91093e-16
870,1.85189e-16,1.88463e-16
871,1.82812e-16,1.85861e-16
872,1.80469e-16,1.83303e-16
873,1.7816e-16,1.80802e-16
874,1.75884e-16,1.78374e-16
875,1.73644e-16,1.76029e-16
876,1.7144e-16,1.73777e-16
877,1.69274e-16,1.71621e-16
878,1.67148e-16,1.69562e-16
879,1.65065e-16,1.67594e-16
880,1.63025e-16,1.65709e-16
881,1.6103e-16,1.63896e-16
882,1.5908e-16,1.62138e-16
883,1.57173e-16,1.6042e-16
884,1.5531e-16,1.58726e-16
885,1.53487e-16,1.57041e-16
886,1.51703e-16,1.55351e-16
887,1.49954e-16,1.53647e-16
888,1.48236e-16,1.51922e-16
889,1.46547e-16,1.50175e-16
890,1.44883e-16,1.48407e-16
891,1.43242e-16,1.46625e-16
892,1.41621e-16,1.44839e-16
893,1.40018e-16,1.4306e-16
894,1.38433e-16,1.41302e-16
895,1.36866e-16,1.3958e-16
896,1.35316e-16,1.37907e-16
897,1.33786e-16,1.36294e-16
898,1.32275e-16,1.3475e-16
899,1.30787e-16,1.33281e-16
900,1.29322e-16,1.31889e-16
901,1.27884e-16,1.30573e-16
902,1.26472e-16,1.29325e-16
903,1.25089e-16,1.28138e-16
904,1.23734e-16,1.26999e-16
905,1.22409e-16,1.25895e-16
906,1.21113e-16,1.24811e-16
907,1.19845e-16,1.23734e-16
908,1.18602e-16,1.2265e-16
909,1.17384e-16,1.21548e-16
910,1.16187e-16,1.2042e-16
911,1.1501e-16,1.1926e-16
912,1.1385e-16,1.18068e-16
913,1.12704e-16,1.16845e-16
914,1.11571e-16,1.15598e-16
915,1.10449e-16,1.14334e-16
916,1.09336e-16,1.13064e-16
917,1.08232e-16,1.11801e-16
918,1.07137e-16,1.10558e-16
919,1.06052e-16,1.09347e-16
920,1.04976e-16,1.0818e-16
921,1.03911e-16,1.07067e-16
922,1.02859e-16,1.06013e-16
923,1.0182e-16,1.05024e-16
924,1.00798e-16,1.04099e-16
925,9.97925e-17,1.03236e-16
926,9.88055e-17,1.02429e-16
927,9.7838e-17,1.01669e-16
928,9.68903e-17,1.00945e-16
929,9.59626e-17,1.00245e-16
930,9.50545e-17,9.95567e-17
931,9.41653e-17,9.88666e-17
932,9.32938e-17,9.81634e-17
933,9.24385e-17,9.74371e-17
934,9.15976e-17,9.66801e-17
935,9.07693e-17,9.58876e-17
936,8.99517e-17,9.50577e-17
937,8.91429e-17,9.41918e-17
938,8.83414e-17,9.3294e-17
939,8.75458e-17,9.23715e-17
940,8.6755e-17,9.14332e-17
941,8.59685e-17,9.049e-17
942,8.51859e-17,8.95533e-17
943,8.44075e-17,8.8635e-17
944,8.36338e-17,8.77463e-17
945,8.28656e-17,8.6897e-17
946,8.21041e-17,8.60952e-17
947,8.13504e-17,8.53466e-17
948,8.06059e-17,8.46542e-17
949,7.98721e-17,8.40181e-17
950,7.915e-17,8.34358e-17
951,7.84408e-17,8.29018e-17
952,7.77452e-17,8.24086e-17
953,7.70638e-17,8.19466e-17
954,7.63966e-17,8.15051e-17
955,7.57435e-17,8.10727e-17
956,7.5104e-17,8.06378e-17
957,7.44772e-17,8.01899e-17
958,7.3862e-17,7.97195e-17
959,7.32572e-17,7.9219e-17
960,7.26612e-17,7.86829e-17
961,7.20727e-17,7.81083e-17
962,7.14901e-17,7.7495e-17
963,7.09121e-17,7.68453e-17
964,7.03375e-17,7.6164e-17
965,6.97654e-17,7.5458e-17
966,6.9195e-17,7.4736e-17
967,6.86261e-17,7.40078e-17
968,6.80585e-17,7.32841e-17
969,6.74924e-17,7.25755e-17
970,6.69284e-17,7.18919e-17
971,6.63672e-17,7.12424e-17
972,6.58097e-17,7.06344e-17
973,6.5257e-17,7.00733e-17
974,6.47102e-17,6.95624e-17
975,6.41704e-17,6.91023e-17
976,6.36387e-17,6.86914e-17
977,6.3116e-17,6.83259e-17
978,6.2603e-17,6.79995e-17
979,6.21003e-17,6.77046e-17
980,6.16082e-17,6.74319e-17
981,6.11265e-17,6.71716e-17
982,6.06551e-17,6.69132e-17
983,6.01935e-17,6.66467e-17
984,5.97409e-17,6.63629e-17
985,5.92963e-17,6.60536e-17
986,5.88588e-17,6.57124e-17
987,5.84272e-17,6.53346e-17
988,5.80002e-17,6.49179e-17
989,5.75768e-17,6.44622e-17
990,5.71559e-17,6.39694e-17
991,5.67366e-17,6.34437e-17
992,5.6318e-17,6.28912e-17
993,5.58997e-17,6.23194e-17
994,5.54813e-17,6.17369e-17
995,5.50627e-17,6.11532e-17
996,5.46441e-17,6.05778e-17
997,5.42259e-17,6.00201e-17
998,5.38085e-17,5.94887e-17
999,5.33928e-17,5.8991e-17
1000,5.29795e-17,5.85331e-17
