wav,cscat,cabs
400,1.5625e-16,2.03492e-15
401,1.55918e-16,2.03796e-15
402,1.56312e-16,2.04463e-15
403,1.55402e-16,2.04217e-15
404,1.53173e-16,2.0318e-15
405,1.51401e-16,2.02534e-15
406,1.50955e-16,2.02748e-15
407,1.50717e-16,2.03009e-15
408,1.49371e-16,2.02499e-15
409,1.47233e-16,2.0152e-15
410,1.45642e-16,2.00968e-15
411,1.4504e-16,2.01056e-15
412,1.44487e-16,2.01105e-15
413,1.43064e-16,2.00537e-15
414,1.4109e-16,1.99636e-15
415,1.39573e-16,1.99092e-15
416,1.38832e-16,1.99063e-15
417,1.38156e-16,1.99019e-15
418,1.36821e-16,1.98488e-15
419,1.35013e-16,1.97655e-15
420,1.33507e-16,1.9707e-15
421,1.32639e-16,1.96927e-15
422,1.31931e-16,1.96847e-15
423,1.30755e-16,1.964e-15
424,1.29119e-16,1.95638e-15
425,1.27601e-16,1.9499e-15
426,1.26596e-16,1.94717e-15
427,1.25862e-16,1.94606e-15
428,1.24862e-16,1.94262e-15
429,1.23421e-16,1.93591e-15
430,1.21903e-16,1.92887e-15
431,1.20741e-16,1.92459e-15
432,1.19928e-16,1.92274e-15
433,1.19065e-16,1.92015e-15
434,1.17841e-16,1.91466e-15
435,1.16379e-16,1.90746e-15
436,1.15061e-16,1.90155e-15
437,1.14085e-16,1.89824e-15
438,1.13256e-16,1.8958e-15
439,1.12232e-16,1.89159e-15
440,1.10904e-16,1.88494e-15
441,1.09496e-16,1.8778e-15
442,1.08298e-16,1.87243e-15
443,1.07353e-16,1.86897e-15
444,1.06429e-16,1.86544e-15
445,1.05281e-16,1.85991e-15
446,1.03904e-16,1.85252e-15
447,1.02522e-16,1.84521e-15
448,1.01341e-16,1.8396e-15
449,1.00339e-16,1.83537e-15
450,9.93073e-17,1.83067e-15
451,9.80688e-17,1.82409e-15
452,9.66527e-17,1.81601e-15
453,9.52507e-17,1.80813e-15
454,9.40187e-17,1.80175e-15
455,9.29282e-17,1.79648e-15
456,9.18069e-17,1.79077e-15
457,9.05141e-17,1.78341e-15
458,8.90726e-17,1.7747e-15
459,8.76371e-17,1.76609e-15
460,8.63421e-17,1.75876e-15
461,8.51797e-17,1.75254e-15
462,8.40185e-17,1.74618e-15
463,8.27342e-17,1.73852e-15
464,8.1324e-17,1.72961e-15
465,7.99036e-17,1.72057e-15
466,7.85981e-17,1.71261e-15
467,7.74334e-17,1.70593e-15
468,7.63228e-17,1.69963e-15
469,7.51536e-17,1.69258e-15
470,7.38906e-17,1.68442e-15
471,7.26049e-17,1.67591e-15
472,7.14092e-17,1.66818e-15
473,7.03628e-17,1.66186e-15
474,6.94286e-17,1.65655e-15
475,6.8514e-17,1.65125e-15
476,6.7556e-17,1.64524e-15
477,6.65754e-17,1.63869e-15
478,6.5658e-17,1.63252e-15
479,6.48834e-17,1.62761e-15
480,6.42642e-17,1.62416e-15
481,6.37427e-17,1.62152e-15
482,6.32447e-17,1.61882e-15
483,6.2743e-17,1.61562e-15
484,6.22785e-17,1.61228e-15
485,6.19266e-17,1.60964e-15
486,6.17375e-17,1.60832e-15
487,6.17002e-17,1.60829e-15
488,6.17552e-17,1.60887e-15
489,6.18439e-17,1.60926e-15
490,6.19537e-17,1.60912e-15
491,6.21254e-17,1.60876e-15
492,6.24186e-17,1.60886e-15
493,6.28652e-17,1.60989e-15
494,6.34447e-17,1.61174e-15
495,6.40995e-17,1.61377e-15
496,6.47764e-17,1.61521e-15
497,6.54619e-17,1.61566e-15
498,6.61868e-17,1.61531e-15
499,6.69978e-17,1.61468e-15
500,6.79184e-17,1.6142e-15
501,6.89282e-17,1.61386e-15
502,6.99731e-17,1.61315e-15
503,7.09996e-17,1.61137e-15
504,7.19861e-17,1.60807e-15
505,7.29515e-17,1.6033e-15
506,7.39352e-17,1.59748e-15
507,7.49643e-17,1.59113e-15
508,7.60306e-17,1.58446e-15
509,7.70925e-17,1.57726e-15
510,7.80996e-17,1.569e-15
511,7.90233e-17,1.55926e-15
512,7.98718e-17,1.54793e-15
513,8.06816e-17,1.53533e-15
514,8.14912e-17,1.52202e-15
515,8.23153e-17,1.50846e-15
516,8.31357e-17,1.49477e-15
517,8.39136e-17,1.48072e-15
518,8.4616e-17,1.46592e-15
519,8.52374e-17,1.45011e-15
520,8.58042e-17,1.4334e-15
521,8.63604e-17,1.41617e-15
522,8.6942e-17,1.39896e-15
523,8.75583e-17,1.38216e-15
524,8.81898e-17,1.36584e-15
525,8.88031e-17,1.34977e-15
526,8.93748e-17,1.33361e-15
527,8.99076e-17,1.31715e-15
528,9.04318e-17,1.30046e-15
529,9.09893e-17,1.28388e-15
530,9.16119e-17,1.26787e-15
531,9.23059e-17,1.25273e-15
532,9.30505e-17,1.23852e-15
533,9.38131e-17,1.22502e-15
534,9.45691e-17,1.2119e-15
535,9.53181e-17,1.19888e-15
536,9.60846e-17,1.18595e-15
537,9.69061e-17,1.17334e-15
538,9.78131e-17,1.16139e-15
539,9.88139e-17,1.15041e-15
540,9.98911e-17,1.14047e-15
541,1.01013e-16,1.13142e-15
542,1.02149e-16,1.12295e-15
543,1.03291e-16,1.11476e-15
544,1.04453e-16,1.10672e-15
545,1.05669e-16,1.09889e-15
546,1.06971e-16,1.09155e-15
547,1.08378e-16,1.08498e-15
548,1.09881e-16,1.07937e-15
549,1.11456e-16,1.07468e-15
550,1.13068e-16,1.0707e-15
551,1.14697e-16,1.06714e-15
552,1.16343e-16,1.06374e-15
553,1.18029e-16,1.06044e-15
554,1.19788e-16,1.05734e-15
555,1.2165e-16,1.0547e-15
556,1.23624e-16,1.05275e-15
557,1.25698e-16,1.0516e-15
558,1.27843e-16,1.05118e-15
559,1.30026e-16,1.05128e-15
560,1.3223e-16,1.05161e-15
561,1.34457e-16,1.05194e-15
562,1.36731e-16,1.05219e-15
563,1.39086e-16,1.05246e-15
564,1.41549e-16,1.05294e-15
565,1.44131e-16,1.05383e-15
566,1.46821e-16,1.05525e-15
567,1.4959e-16,1.05716e-15
568,1.52409e-16,1.05938e-15
569,1.55258e-16,1.06168e-15
570,1.58139e-16,1.06386e-15
571,1.61073e-16,1.06585e-15
572,1.64096e-16,1.0677e-15
573,1.67239e-16,1.06962e-15
574,1.70523e-16,1.07184e-15
575,1.73945e-16,1.07454e-15
576,1.77484e-16,1.07778e-15
577,1.81112e-16,1.0815e-15
578,1.84806e-16,1.08556e-15
579,1.88558e-16,1.08978e-15
580,1.92383e-16,1.09405e-15
581,1.9631e-16,1.09838e-15
582,2.00376e-16,1.10291e-15
583,2.04609e-16,1.10783e-15
584,2.09021e-16,1.11335e-15
585,2.13601e-16,1.11961e-15
586,2.18326e-16,1.12662e-15
587,2.23165e-16,1.13429e-15
588,2.28099e-16,1.14246e-15
589,2.33123e-16,1.15098e-15
590,2.38255e-16,1.15973e-15
591,2.43527e-16,1.16872e-15
592,2.48973e-16,1.17805e-15
593,2.54621e-16,1.18788e-15
594,2.60481e-16,1.19837e-15
595,2.66543e-16,1.20961e-15
596,2.72785e-16,1.22162e-15
597,2.79176e-16,1.2343e-15
598,2.85696e-16,1.24748e-15
599,2.92343e-16,1.261e-15
600,2.99134e-16,1.27475e-15
601,3.06102e-16,1.28867e-15
602,3.1329e-16,1.30285e-15
603,3.20733e-16,1.31739e-15
604,3.28457e-16,1.33244e-15
605,3.36465e-16,1.34813e-15
606,3.44747e-16,1.36451e-15
607,3.53286e-16,1.38154e-15
608,3.62066e-16,1.39913e-15
609,3.71086e-16,1.41717e-15
610,3.80366e-16,1.43557e-15
611,3.89943e-16,1.45431e-15
612,3.99867e-16,1.47344e-15
613,4.1019e-16,1.49312e-15
614,4.20953e-16,1.51351e-15
615,4.3218e-16,1.53481e-15
616,4.43878e-16,1.55716e-15
617,4.56035e-16,1.58063e-15
618,4.68637e-16,1.60523e-15
619,4.81673e-16,1.63092e-15
620,4.95145e-16,1.65763e-15
621,5.09078e-16,1.68531e-15
622,5.23512e-16,1.71398e-15
623,5.385e-16,1.74371e-15
624,5.54097e-16,1.77463e-15
625,5.70346e-16,1.80692e-15
626,5.87274e-16,1.84073e-15
627,6.0489e-16,1.8762e-15
628,6.23187e-16,1.9134e-15
629,6.42152e-16,1.95231e-15
630,6.61776e-16,1.9929e-15
631,6.82065e-16,2.03508e-15
632,7.03046e-16,2.07877e-15
633,7.24766e-16,2.12394e-15
634,7.47294e-16,2.17061e-15
635,7.70702e-16,2.21885e-15
636,7.95066e-16,2.26876e-15
637,8.20449e-16,2.32049e-15
638,8.46903e-16,2.37413e-15
639,8.74468e-16,2.42978e-15
640,9.03181e-16,2.48748e-15
641,9.33082e-16,2.54725e-15
642,9.6423e-16,2.60909e-15
643,9.96709e-16,2.67302e-15
644,1.03063e-15,2.73911e-15
645,1.06613e-15,2.80747e-15
646,1.10337e-15,2.87832e-15
647,1.14252e-15,2.9519e-15
648,1.18374e-15,3.02853e-15
649,1.22719e-15,3.10853e-15
650,1.27302e-15,3.19223e-15
651,1.32137e-15,3.27994e-15
652,1.37237e-15,3.37193e-15
653,1.42617e-15,3.46846e-15
654,1.48294e-15,3.5698e-15
655,1.54286e-15,3.67621e-15
656,1.60618e-15,3.78803e-15
657,1.67316e-15,3.90563e-15
658,1.74411e-15,4.02946e-15
659,1.81933e-15,4.16003e-15
660,1.89914e-15,4.29789e-15
661,1.98386e-15,4.4436e-15
662,2.0738e-15,4.59774e-15
663,2.16924e-15,4.76088e-15
664,2.27049e-15,4.93354e-15
665,2.37785e-15,5.11624e-15
666,2.49161e-15,5.30947e-15
667,2.61212e-15,5.51373e-15
668,2.73975e-15,5.72949e-15
669,2.87489e-15,5.95729e-15
670,3.01795e-15,6.19762e-15
671,3.16934e-15,6.45098e-15
672,3.32946e-15,6.71786e-15
673,3.49864e-15,6.99863e-15
674,3.67717e-15,7.29358e-15
675,3.86524e-15,7.60286e-15
676,4.06295e-15,7.9264e-15
677,4.27026e-15,8.26392e-15
678,4.48703e-15,8.61489e-15
679,4.71292e-15,8.97846e-15
680,4.94745e-15,9.35345e-15
681,5.18991e-15,9.73829e-15
682,5.43932e-15,1.01309e-14
683,5.6944e-15,1.05288e-14
684,5.95353e-15,1.09289e-14
685,6.21464e-15,1.13272e-14
686,6.47525e-15,1.17195e-14
687,6.73244e-15,1.21006e-14
688,6.98284e-15,1.24649e-14
689,7.22276e-15,1.28062e-14
690,7.4482e-15,1.31181e-14
691,7.65509e-15,1.3394e-14
692,7.83936e-15,1.36278e-14
693,7.99718e-15,1.38137e-14
694,8.12514e-15,1.39467e-14
695,8.22041e-15,1.40231e-14
696,8.28089e-15,1.40402e-14
697,8.30535e-15,1.39971e-14
698,8.29346e-15,1.38941e-14
699,8.24582e-15,1.37333e-14
700,8.16389e-15,1.35181e-14
701,8.04995e-15,1.32531e-14
702,7.90691e-15,1.29438e-14
703,7.73818e-15,1.25964e-14
704,7.54749e-15,1.22178e-14
705,7.33873e-15,1.18145e-14
706,7.11578e-15,1.13931e-14
707,6.88234e-15,1.09599e-14
708,6.64189e-15,1.05205e-14
709,6.39755e-15,1.00799e-14
710,6.15204e-15,9.64233e-15
711,5.90771e-15,9.21139e-15
712,5.6665e-15,8.78995e-15
713,5.42997e-15,8.38029e-15
714,5.19937e-15,7.9841e-15
715,4.97563e-15,7.60262e-15
716,4.75947e-15,7.23668e-15
717,4.55137e-15,6.88678e-15
718,4.35165e-15,6.55315e-15
719,4.16051e-15,6.2358e-15
720,3.97798e-15,5.93455e-15
721,3.80404e-15,5.64907e-15
722,3.63854e-15,5.3789e-15
723,3.48129e-15,5.12349e-15
724,3.33203e-15,4.88221e-15
725,3.19044e-15,4.65439e-15
726,3.0562e-15,4.43933e-15
727,2.92893e-15,4.23632e-15
728,2.80828e-15,4.04468e-15
729,2.69389e-15,3.86373e-15
730,2.5854e-15,3.69285e-15
731,2.4825e-15,3.53146e-15
732,2.38487e-15,3.379e-15
733,2.29223e-15,3.23497e-15
734,2.20433e-15,3.09888e-15
735,2.12091e-15,2.97028e-15
736,2.04174e-15,2.84873e-15
737,1.96659e-15,2.73381e-15
738,1.89526e-15,2.62509e-15
739,1.82751e-15,2.52219e-15
740,1.76315e-15,2.42471e-15
741,1.70195e-15,2.33228e-15
742,1.64373e-15,2.24458e-15
743,1.58827e-15,2.16127e-15
744,1.53542e-15,2.08209e-15
745,1.48499e-15,2.00678e-15
746,1.43685e-15,1.93511e-15
747,1.39085e-15,1.86689e-15
748,1.34688e-15,1.80195e-15
749,1.30485e-15,1.74012e-15
750,1.26465e-15,1.68125e-15
751,1.22622e-15,1.6252e-15
752,1.18946e-15,1.5718e-15
753,1.1543e-15,1.52091e-15
754,1.12067e-15,1.47238e-15
755,1.08849e-15,1.42605e-15
756,1.05767e-15,1.38177e-15
757,1.02814e-15,1.3394e-15
758,9.9982e-16,1.29881e-15
759,9.72628e-16,1.25989e-15
760,9.46493e-16,1.22253e-15
761,9.2135e-16,1.18666e-15
762,8.97141e-16,1.15222e-15
763,8.73817e-16,1.11915e-15
764,8.51336e-16,1.08741e-15
765,8.29665e-16,1.05696e-15
766,8.08777e-16,1.02776e-15
767,7.88647e-16,9.99767e-16
768,7.69253e-16,9.72935e-16
769,7.50573e-16,9.47206e-16
770,7.32583e-16,9.22513e-16
771,7.15255e-16,8.98789e-16
772,6.9856e-16,8.75961e-16
773,6.82465e-16,8.53959e-16
774,6.66934e-16,8.3272e-16
775,6.51932e-16,8.12186e-16
776,6.37425e-16,7.92313e-16
777,6.2338e-16,7.73067e-16
778,6.09768e-16,7.54428e-16
779,5.96566e-16,7.36384e-16
780,5.83753e-16,7.18932e-16
781,5.71317e-16,7.02073e-16
782,5.59246e-16,6.85806e-16
783,5.47534e-16,6.7013e-16
784,5.36176e-16,6.55037e-16
785,5.25169e-16,6.40511e-16
786,5.14507e-16,6.26527e-16
787,5.04185e-16,6.13052e-16
788,4.94193e-16,6.00049e-16
789,4.84519e-16,5.87473e-16
790,4.75149e-16,5.75283e-16
791,4.66067e-16,5.63438e-16
792,4.57253e-16,5.51903e-16
793,4.48689e-16,5.40651e-16
794,4.40357e-16,5.29666e-16
795,4.32241e-16,5.18939e-16
796,4.24326e-16,5.08471e-16
797,4.16602e-16,4.9827e-16
798,4.09062e-16,4.8835e-16
799,4.01701e-16,4.78725e-16
800,3.94517e-16,4.69407e-16
801,3.87511e-16,4.60406e-16
802,3.80684e-16,4.51724e-16
803,3.74039e-16,4.43355e-16
804,3.67576e-16,4.35286e-16
805,3.61293e-16,4.27497e-16
806,3.5519e-16,4.19961e-16
807,3.49261e-16,4.12648e-16
808,3.43498e-16,4.05525e-16
809,3.37893e-16,3.98564e-16
810,3.32435e-16,3.91738e-16
811,3.27112e-16,3.85028e-16
812,3.21914e-16,3.78422e-16
813,3.1683e-16,3.71918e-16
814,3.1185e-16,3.65518e-16
815,3.06968e-16,3.59234e-16
816,3.0218e-16,3.53081e-16
817,2.97483e-16,3.47078e-16
818,2.92876e-16,3.41242e-16
819,2.88361e-16,3.35589e-16
820,2.83941e-16,3.30129e-16
821,2.79619e-16,3.24867e-16
822,2.75399e-16,3.19801e-16
823,2.71282e-16,3.1492e-16
824,2.6727e-16,3.10209e-16
825,2.63362e-16,3.05646e-16
826,2.59557e-16,3.01207e-16
827,2.55849e-16,2.96867e-16
828,2.52234e-16,2.926e-16
829,2.48704e-16,2.88386e-16
830,2.45253e-16,2.8421e-16
831,2.41872e-16,2.80061e-16
832,2.38554e-16,2.75939e-16
833,2.35293e-16,2.71847e-16
834,2.32083e-16,2.67795e-16
835,2.28923e-16,2.63799e-16
836,2.25809e-16,2.59877e-16
837,2.22742e-16,2.56048e-16
838,2.19724e-16,2.52329e-16
839,2.16757e-16,2.48734e-16
840,2.13844e-16,2.45273e-16
841,2.10989e-16,2.41949e-16
842,2.08195e-16,2.38761e-16
843,2.05465e-16,2.35699e-16
844,2.028e-16,2.3275e-16
845,2.00199e-16,2.29893e-16
846,1.97663e-16,2.2711e-16
847,1.95187e-16,2.24377e-16
848,1.9277e-16,2.21674e-16
849,1.90404e-16,2.18983e-16
850,1.88086e-16,2.16291e-16
851,1.8581e-16,2.1359e-16
852,1.83571e-16,2.10878e-16
853,1.81363e-16,2.08158e-16
854,1.79183e-16,2.0544e-16
855,1.77029e-16,2.02738e-16
856,1.74899e-16,2.00067e-16
857,1.72793e-16,1.97446e-16
858,1.70712e-16,1.94892e-16
859,1.68659e-16,1.92421e-16
860,1.66635e-16,1.90045e-16
861,1.64645e-16,1.87772e-16
862,1.62692e-16,1.85603e-16
863,1.60778e-16,1.83536e-16
864,1.58905e-16,1.81561e-16
865,1.57075e-16,1.79666e-16
866,1.55289e-16,1.77835e-16
867,1.53544e-16,1.76048e-16
868,1.5184e-16,1.74287e-16
869,1.50173e-16,1.72533e-16
870,1.48541e-16,1.70771e-16
871,1.46938e-16,1.68988e-16
872,1.45362e-16,1.67179e-16
873,1.43807e-16,1.65339e-16
874,1.42271e-16,1.63472e-16
875,1.4075e-16,1.61585e-16
876,1.39242e-16,1.5969e-16
877,1.37746e-16,1.57802e-16
878,1.36262e-16,1.55936e-16
879,1.3479e-16,1.5411e-16
880,1.33332e-16,1.52339e-16
881,1.31891e-16,1.50637e-16
882,1.30469e-16,1.49012e-16
883,1.29068e-16,1.47472e-16
884,1.27692e-16,1.46016e-16
885,1.26342e-16,1.44642e-16
886,1.25021e-16,1.4334e-16
887,1.23729e-16,1.421e-16
888,1.22467e-16,1.40906e-16
889,1.21235e-16,1.39742e-16
890,1.2003e-16,1.38591e-16
891,1.18852e-16,1.37437e-16
892,1.17697e-16,1.36265e-16
893,1.16562e-16,1.35065e-16
894,1.15443e-16,1.33829e-16
895,1.14339e-16,1.32554e-16
896,1.13246e-16,1.31242e-16
897,1.12161e-16,1.29897e-16
898,1.11082e-16,1.2853e-16
899,1.10009e-16,1.27152e-16
900,1.08941e-16,1.25777e-16
901,1.07879e-16,1.24422e-16
902,1.06822e-16,1.23101e-16
903,1.05774e-16,1.21827e-16
904,1.04735e-16,1.20612e-16
905,1.03709e-16,1.19465e-16
906,1.02697e-16,1.18389e-16
907,1.01702e-16,1.17385e-16
908,1.00726e-16,1.16451e-16
909,9.97706e-17,1.15577e-16
910,9.88363e-17,1.14754e-16
911,9.79237e-17,1.13969e-16
912,9.70323e-17,1.13208e-16
913,9.61614e-17,1.12454e-16
914,9.53093e-17,1.11695e-16
915,9.4474e-17,1.10915e-16
916,9.36532e-17,1.10106e-16
917,9.28444e-17,1.09258e-16
918,9.2045e-17,1.08367e-16
919,9.12526e-17,1.07434e-16
920,9.04651e-17,1.06461e-16
921,8.96808e-17,1.05455e-16
922,8.88984e-17,1.04426e-16
923,8.81173e-17,1.03385e-16
924,8.73375e-17,1.02345e-16
925,8.65594e-17,1.01322e-16
926,8.5784e-17,1.00327e-16
927,8.50129e-17,9.93732e-17
928,8.42478e-17,9.84711e-17
929,8.34906e-17,9.76276e-17
930,8.27433e-17,9.68472e-17
931,8.20079e-17,9.61306e-17
932,8.1286e-17,9.54751e-17
933,8.0579e-17,9.48749e-17
934,7.98877e-17,9.43212e-17
935,7.92126e-17,9.3803e-17
936,7.85537e-17,9.33076e-17
937,7.79103e-17,9.28217e-17
938,7.72814e-17,9.2332e-17
939,7.66655e-17,9.18259e-17
940,7.6061e-17,9.12927e-17
941,7.54658e-17,9.07238e-17
942,7.48778e-17,9.01133e-17
943,7.42951e-17,8.94587e-17
944,7.37157e-17,8.87602e-17
945,7.31381e-17,8.80215e-17
946,7.25609e-17,8.72491e-17
947,7.19833e-17,8.64519e-17
948,7.14048e-17,8.56406e-17
949,7.08255e-17,8.48273e-17
950,7.02458e-17,8.40245e-17
951,6.96666e-17,8.32442e-17
952,6.90892e-17,8.24978e-17
953,6.85148e-17,8.17948e-17
954,6.79453e-17,8.11426e-17
955,6.73822e-17,8.05459e-17
956,6.68272e-17,8.00067e-17
957,6.62817e-17,7.95239e-17
958,6.57471e-17,7.90936e-17
959,6.52242e-17,7.87094e-17
960,6.47137e-17,7.83625e-17
961,6.42158e-17,7.80424e-17
962,6.37302e-17,7.77376e-17
963,6.32563e-17,7.74362e-17
964,6.27932e-17,7.71263e-17
965,6.23397e-17,7.6797e-17
966,6.18943e-17,7.64389e-17
967,6.14554e-17,7.60445e-17
968,6.10213e-17,7.56086e-17
969,6.05903e-17,7.51286e-17
970,6.0161e-17,7.46048e-17
971,5.9732e-17,7.40399e-17
972,5.93022e-17,7.34393e-17
973,5.88708e-17,7.28105e-17
974,5.84375e-17,7.21625e-17
975,5.80022e-17,7.1506e-17
976,5.75651e-17,7.0852e-17
977,5.71269e-17,7.02116e-17
978,5.66885e-17,6.95954e-17
979,5.62509e-17,6.90129e-17
980,5.58156e-17,6.84722e-17
981,5.53839e-17,6.7979e-17
982,5.49572e-17,6.75371e-17
983,5.45368e-17,6.71476e-17
984,5.41239e-17,6.68094e-17
985,5.37196e-17,6.65187e-17
986,5.33246e-17,6.62696e-17
987,5.29394e-17,6.60544e-17
988,5.25641e-17,6.58639e-17
989,5.21986e-17,6.56879e-17
990,5.18424e-17,6.55157e-17
991,5.14949e-17,6.53368e-17
992,5.1155e-17,6.51411e-17
993,5.08215e-17,6.49198e-17
994,5.04933e-17,6.46654e-17
995,5.01689e-17,6.43723e-17
996,4.98469e-17,6.40372e-17
997,4.95261e-17,6.36588e-17
998,4.92052e-17,6.32384e-17
999,4.88833e-17,6.27791e-17
1000,4.85596e-17,6.22863e-17
